1023 295 -1
1023 295 -1
1023 295 -1
1023 295 -1
1023 295 -1
1023 295 -1
1023 295 -1
1023 295 -1
1022 354 -1
1022 354 -1
1022 354 -1
1022 354 -1
1022 354 -1
1022 354 -1
1022 354 -1
1022 354 -1
1022 354 -1
1022 354 -1
1022 354 -1
1022 354 -1
1022 354 -1
1022 354 -1
1022 354 -1
1022 354 -1
1022 354 -1
1022 354 -1
1022 354 -1
1022 354 -1
1022 354 -1
1022 354 -1
1022 354 -1
1022 354 -1
1022 354 -1
1022 354 -1
1022 354 -1
1022 354 -1
1022 354 -1
1022 354 -1
1022 354 -1
1022 354 -1
1022 354 -1
1022 354 -1
-12 812 -1
-12 812 -1
-12 812 -1
-12 812 -1
-12 812 -1
-12 812 -1
-12 812 -1
-12 812 -1
-12 812 -1
-12 812 -1
-12 812 -1
-12 812 -1
-12 812 -1
-12 812 -1
-12 812 -1
-12 812 -1
49 795 -1
49 795 -1
49 795 -1
49 795 -1
49 795 -1
49 795 -1
49 795 -1
49 795 -1
49 795 -1
49 795 -1
49 795 -1
49 795 -1
49 795 -1
49 795 -1
49 795 -1
49 795 -1
49 795 -1
49 795 -1
49 795 -1
49 795 -1
49 795 -1
49 795 -1
49 795 -1
49 795 -1
49 795 -1
49 795 -1
57 849 -1
57 849 -1
57 849 -1
57 849 -1
57 849 -1
57 849 -1
57 849 -1
57 849 -1
57 849 -1
57 849 -1
57 849 -1
57 849 -1
57 849 -1
57 849 -1
57 849 -1
57 849 -1
57 849 -1
57 849 -1
57 849 -1
57 849 -1
57 849 -1
57 849 -1
57 849 -1
57 849 -1
57 849 -1
57 849 -1
57 849 -1
57 849 -1
57 849 -1
57 849 -1
57 849 -1
57 849 -1
57 849 -1
57 849 -1
57 849 -1
57 849 -1
57 849 -1
57 849 -1
57 849 1
57 849 -1
57 849 2
57 849 -1
57 849 -1
57 849 -1
57 849 -1
57 849 -1
57 849 -1
57 849 -1
57 849 -1
66 903 -1
66 903 -1
66 903 -1
66 903 -1
66 903 -1
66 903 -1
1025 472 -1
1025 472 -1
1025 472 -1
1025 472 -1
1025 472 -1
1025 472 -1
1025 472 -1
1025 472 -1
989 401 -1
989 401 -1
989 401 -1
989 401 -1
989 401 3
989 401 -1
989 401 4
989 401 -1
989 401 -1
989 401 -1
989 401 -1
989 401 -1
989 401 -1
989 401 -1
989 342 -1
989 342 -1
989 342 -1
989 342 -1
989 342 -1
989 342 -1
989 342 -1
989 342 -1
989 342 -1
989 342 -1
989 342 -1
989 342 -1
989 342 -1
989 342 -1
989 401 -1
989 401 -1
989 401 -1
989 401 -1
989 401 -1
989 401 -1
989 401 -1
989 401 -1
989 401 -1
989 401 -1
989 401 -1
989 401 -1
989 401 -1
989 401 -1
989 401 -1
989 401 -1
989 401 -1
989 401 -1
989 401 5
989 401 -1
989 401 6
989 401 -1
989 401 -1
989 401 -1
989 401 -1
989 401 -1
989 401 -1
989 401 -1
989 401 -1
1023 413 -1
1023 413 -1
1022 354 -1
1022 354 -1
1022 354 -1
1022 354 -1
1022 354 -1
989 401 -1
989 401 -1
989 401 -1
989 401 -1
989 401 -1
989 401 -1
989 401 -1
989 342 -1
989 342 -1
989 342 -1
989 342 -1
989 342 -1
989 342 -1
989 342 -1
989 342 -1
989 401 -1
989 401 -1
989 401 7
989 401 -1
989 401 8
1023 413 -1
1023 413 -1
1023 413 -1
1023 413 -1
1023 413 -1
1023 413 -1
1023 413 -1
1023 413 -1
118 833 -1
118 833 -1
118 833 -1
118 833 -1
118 833 -1
118 833 -1
118 833 -1
118 833 -1
66 903 -1
66 903 -1
66 903 -1
3 920 -1
3 920 -1
3 920 -1
3 920 -1
3 920 -1
127 888 -1
127 888 -1
66 903 -1
66 903 -1
66 903 -1
66 903 -1
57 849 -1
57 849 -1
57 849 -1
57 849 -1
57 849 -1
57 849 -1
57 849 -1
57 849 9
-5 866 -1
-5 866 10
-5 866 -1
-5 866 -1
-5 866 -1
-5 866 -1
-5 866 -1
-5 866 -1
66 903 -1
66 903 -1
66 903 -1
66 903 -1
66 903 -1
66 903 -1
66 903 -1
66 903 -1
66 903 -1
66 903 -1
66 903 -1
66 903 -1
66 903 -1
66 903 -1
66 903 -1
66 903 -1
66 903 -1
66 903 -1
66 903 -1
66 903 -1
66 903 -1
66 903 -1
66 903 -1
66 903 -1
66 903 -1
66 903 -1
66 903 -1
66 903 -1
66 903 -1
66 903 -1
66 903 -1
66 903 -1
66 903 -1
66 903 -1
66 903 11
66 903 -1
66 903 12
66 903 -1
66 903 -1
66 903 -1
66 903 -1
66 903 -1
66 903 -1
66 903 -1
66 903 -1
66 903 -1
66 903 -1
66 903 -1
66 903 -1
66 903 -1
76 957 -1
76 957 -1
76 957 -1
76 957 -1
76 957 -1
76 957 -1
76 957 -1
1023 295 -1
1023 295 -1
1023 295 -1
1023 295 -1
1023 295 -1
1023 295 -1
1023 295 -1
1023 295 -1
1022 354 -1
1022 354 -1
1022 354 -1
1022 354 -1
1022 354 -1
1022 354 -1
1022 354 -1
1022 354 -1
1022 354 -1
1022 354 -1
1022 354 -1
1022 354 -1
1022 354 -1
1022 354 -1
1022 354 -1
1022 354 -1
1022 354 -1
1022 354 -1
1022 354 -1
1022 354 -1
1022 354 -1
1022 354 -1
1022 354 -1
1022 354 -1
1022 354 -1
1022 354 -1
1022 354 -1
1022 354 -1
1022 354 -1
1022 354 -1
1022 354 -1
1022 354 -1
1022 354 -1
1022 354 -1
-12 812 -1
-12 812 -1
-12 812 -1
-12 812 -1
-12 812 -1
-12 812 -1
-12 812 -1
-12 812 -1
-12 812 1
-12 812 -1
-12 812 2
-12 812 -1
49 795 -1
49 795 -1
49 795 -1
49 795 -1
49 795 -1
49 795 -1
49 795 -1
49 795 -1
49 795 -1
49 795 -1
49 795 -1
49 795 -1
49 795 -1
57 849 -1
57 849 -1
57 849 -1
57 849 -1
57 849 -1
57 849 -1
57 849 -1
57 849 -1
57 849 -1
57 849 -1
57 849 -1
57 849 -1
57 849 -1
57 849 3
57 849 -1
57 849 4
57 849 -1
57 849 -1
57 849 -1
57 849 -1
57 849 -1
57 849 -1
57 849 -1
57 849 -1
57 849 5
57 849 -1
57 849 6
57 849 -1
57 849 -1
57 849 -1
66 903 -1
66 903 -1
66 903 -1
66 903 -1
66 903 -1
